0.0 1.0 0.0 2017.7480631716353
1.0 0.0 0.0 2017.7480631716353
0.0 0.0 1.0 2017.7480631716353
0.7071 0.7071 0.0 2017.7480631716353
0.7071 0.0 0.7071 2017.7480631716353
0.0 0.7071 0.7071 2017.7480631716353
-0.7071 0.0 0.7071 2017.7480631716353
-0.7071 0.7071 0.0 2017.7480631716353
0.0 0.7071 -0.7071 2017.7480631716353
0.3827 0.9239 0.0 2017.7480631716353
0.4082 0.8165 0.4082 2017.7480631716353
0.0 0.9239 0.3827 2017.7480631716353
0.9239 0.3827 0.0 2017.7480631716353
0.9239 0.0 0.3827 2017.7480631716353
0.8165 0.4082 0.4082 2017.7480631716353
0.4082 0.4082 0.8165 2017.7480631716353
0.3827 0.0 0.9239 2017.7480631716353
0.0 0.3827 0.9239 2017.7480631716353
-0.4082 0.8165 0.4082 2017.7480631716353
-0.3827 0.9239 0.0 2017.7480631716353
-0.3827 0.0 0.9239 2017.7480631716353
-0.4082 0.4082 0.8165 2017.7480631716353
-0.8165 0.4082 0.4082 2017.7480631716353
-0.9239 0.0 0.3827 2017.7480631716353
-0.9239 0.3827 0.0 2017.7480631716353
-0.4082 0.8165 -0.4082 2017.7480631716353
0.0 0.9239 -0.3827 2017.7480631716353
-0.8165 0.4082 -0.4082 2017.7480631716353
-0.4082 0.4082 -0.8165 2017.7480631716353
0.0 0.3827 -0.9239 2017.7480631716353
0.4082 0.8165 -0.4082 2017.7480631716353
0.4082 0.4082 -0.8165 2017.7480631716353
0.8165 0.4082 -0.4082 2017.7480631716353
0.1951 0.9808 0.0 2017.7480631716353
0.1988 0.9597 0.1988 2017.7480631716353
0.0 0.9808 0.1951 2017.7480631716353
0.5556 0.8315 0.0 2017.7480631716353
0.5774 0.7887 0.2113 2017.7480631716353
0.4046 0.8903 0.2088 2017.7480631716353
0.2088 0.8903 0.4046 2017.7480631716353
0.2113 0.7887 0.5774 2017.7480631716353
0.0 0.8315 0.5556 2017.7480631716353
0.8315 0.5556 0.0 2017.7480631716353
0.8903 0.4046 0.2088 2017.7480631716353
0.7887 0.5774 0.2113 2017.7480631716353
0.9808 0.1951 0.0 2017.7480631716353
0.9808 0.0 0.1951 2017.7480631716353
0.9597 0.1988 0.1988 2017.7480631716353
0.8903 0.2088 0.4046 2017.7480631716353
0.8315 0.0 0.5556 2017.7480631716353
0.7887 0.2113 0.5774 2017.7480631716353
0.5774 0.2113 0.7887 2017.7480631716353
0.6396 0.4264 0.6396 2017.7480631716353
0.2113 0.5774 0.7887 2017.7480631716353
0.4264 0.6396 0.6396 2017.7480631716353
0.6396 0.6396 0.4264 2017.7480631716353
0.2088 0.4046 0.8903 2017.7480631716353
0.0 0.5556 0.8315 2017.7480631716353
0.5556 0.0 0.8315 2017.7480631716353
0.4046 0.2088 0.8903 2017.7480631716353
0.1988 0.1988 0.9597 2017.7480631716353
0.1951 0.0 0.9808 2017.7480631716353
0.0 0.1951 0.9808 2017.7480631716353
-0.1988 0.9597 0.1988 2017.7480631716353
-0.1951 0.9808 0.0 2017.7480631716353
-0.2113 0.7887 0.5774 2017.7480631716353
-0.2088 0.8903 0.4046 2017.7480631716353
-0.4046 0.8903 0.2088 2017.7480631716353
-0.5774 0.7887 0.2113 2017.7480631716353
-0.5556 0.8315 0.0 2017.7480631716353
-0.2088 0.4046 0.8903 2017.7480631716353
-0.2113 0.5774 0.7887 2017.7480631716353
-0.1951 0.0 0.9808 2017.7480631716353
-0.1988 0.1988 0.9597 2017.7480631716353
-0.4046 0.2088 0.8903 2017.7480631716353
-0.5556 0.0 0.8315 2017.7480631716353
-0.5774 0.2113 0.7887 2017.7480631716353
-0.7887 0.2113 0.5774 2017.7480631716353
-0.6396 0.4264 0.6396 2017.7480631716353
-0.7887 0.5774 0.2113 2017.7480631716353
-0.6396 0.6396 0.4264 2017.7480631716353
-0.4264 0.6396 0.6396 2017.7480631716353
-0.8903 0.4046 0.2088 2017.7480631716353
-0.8315 0.5556 0.0 2017.7480631716353
-0.8315 0.0 0.5556 2017.7480631716353
-0.8903 0.2088 0.4046 2017.7480631716353
-0.9597 0.1988 0.1988 2017.7480631716353
-0.9808 0.0 0.1951 2017.7480631716353
-0.9808 0.1951 0.0 2017.7480631716353
-0.1988 0.9597 -0.1988 2017.7480631716353
0.0 0.9808 -0.1951 2017.7480631716353
-0.5774 0.7887 -0.2113 2017.7480631716353
-0.4046 0.8903 -0.2088 2017.7480631716353
-0.2088 0.8903 -0.4046 2017.7480631716353
-0.2113 0.7887 -0.5774 2017.7480631716353
0.0 0.8315 -0.5556 2017.7480631716353
-0.8903 0.4046 -0.2088 2017.7480631716353
-0.7887 0.5774 -0.2113 2017.7480631716353
-0.9597 0.1988 -0.1988 2017.7480631716353
-0.8903 0.2088 -0.4046 2017.7480631716353
-0.7887 0.2113 -0.5774 2017.7480631716353
-0.5774 0.2113 -0.7887 2017.7480631716353
-0.6396 0.4264 -0.6396 2017.7480631716353
-0.2113 0.5774 -0.7887 2017.7480631716353
-0.4264 0.6396 -0.6396 2017.7480631716353
-0.6396 0.6396 -0.4264 2017.7480631716353
-0.2088 0.4046 -0.8903 2017.7480631716353
0.0 0.5556 -0.8315 2017.7480631716353
-0.4046 0.2088 -0.8903 2017.7480631716353
-0.1988 0.1988 -0.9597 2017.7480631716353
0.0 0.1951 -0.9808 2017.7480631716353
0.1988 0.9597 -0.1988 2017.7480631716353
0.2113 0.7887 -0.5774 2017.7480631716353
0.2088 0.8903 -0.4046 2017.7480631716353
0.4046 0.8903 -0.2088 2017.7480631716353
0.5774 0.7887 -0.2113 2017.7480631716353
0.2088 0.4046 -0.8903 2017.7480631716353
0.2113 0.5774 -0.7887 2017.7480631716353
0.1988 0.1988 -0.9597 2017.7480631716353
0.4046 0.2088 -0.8903 2017.7480631716353
0.5774 0.2113 -0.7887 2017.7480631716353
0.7887 0.2113 -0.5774 2017.7480631716353
0.6396 0.4264 -0.6396 2017.7480631716353
0.7887 0.5774 -0.2113 2017.7480631716353
0.6396 0.6396 -0.4264 2017.7480631716353
0.4264 0.6396 -0.6396 2017.7480631716353
0.8903 0.4046 -0.2088 2017.7480631716353
0.8903 0.2088 -0.4046 2017.7480631716353
0.9597 0.1988 -0.1988 2017.7480631716353
